80 45 43 -66 -95 38 63 45 -71 -66 -56 59 -18 -98 16 25 -87 23 22 74 -2 -95 45 -60 0 2 -82 25 86 -11 
-86 76 70 44 26 -52 -74 -58 -6 3 0 52 -41 -30 8 -56 -76 -86 52 30 -53 -88 44 69 -82 -75 11 -100 21 -51 
-50 -19 85 86 -100 47 87 64 -93 28 -51 58 -80 -20 64 14 6 55 -44 44 61 12 -58 34 29 28 10 84 26 3 
-86 4 -41 -96 -43 -2 66 7 97 2 3 46 16 26 50 49 24 57 -62 38 33 50 -58 -55 -31 -23 -35 84 -16 -83 
7 -37 42 5 -10 86 66 64 -89 55 -84 -98 -20 -5 62 -84 82 76 -70 -41 78 86 34 -43 79 50 -95 98 37 77 
20 -79 -60 -82 -28 43 53 21 -64 24 -52 85 31 -53 32 18 27 25 -57 -23 52 24 2 -16 -94 84 -35 99 -69 50 
-59 46 75 -48 1 52 60 -63 77 -79 -12 -68 -85 -37 -86 -15 56 72 52 49 -88 -85 33 2 -74 -39 -52 -75 -9 -7 
-90 -11 59 -77 -49 27 26 -43 89 -34 11 4 -37 -71 -55 -17 -20 37 55 31 -64 80 64 -91 94 -66 -43 -61 -19 -40 
5 81 -28 -62 31 -16 -68 98 55 -75 45 36 19 -72 0 -59 92 47 62 -18 14 -76 -86 6 -54 37 -18 -30 -66 -38 
-42 -96 -49 -24 -17 -33 -28 -10 53 90 38 -16 77 88 -73 1 -33 22 -82 -49 -40 51 18 75 -52 57 86 30 22 -59 
53 -19 -7 -94 43 -61 -57 31 -40 -74 -33 -4 -84 -62 -1 -12 44 -86 52 -15 84 83 3 -72 -21 -58 -36 82 -78 42 
9 57 18 -21 -89 9 -98 -96 84 46 78 89 18 20 -95 38 67 42 35 -31 82 41 -40 77 97 -96 53 20 62 -16 
-14 97 3 -1 70 5 5 8 -60 61 36 78 49 67 88 6 25 66 1 -97 78 70 -93 72 -97 -65 8 -78 -92 45 
-61 -17 40 -94 50 -7 -38 62 -68 -82 -24 -14 -74 -66 -98 -20 -50 -32 33 41 9 -34 55 63 7 18 -51 83 -6 -11 
41 -22 5 92 42 -31 -23 10 -45 9 29 -18 -40 36 67 53 83 -16 39 53 99 -8 -84 42 80 -72 61 -90 -50 42 
52 29 85 30 -63 7 1 -88 42 59 81 -78 43 -68 52 -54 -51 89 -55 -72 13 -66 -75 27 7 26 -27 -67 -60 -82 
-71 90 -55 -4 70 -74 -86 64 -88 89 -96 -10 34 22 -7 -59 -65 -14 59 37 -36 4 28 96 -34 -8 63 -50 -98 99 
-79 -29 86 66 20 51 82 -79 97 70 29 84 -69 72 23 47 -88 -45 -25 -62 -28 -38 83 -25 59 -99 74 13 15 52 
-20 -33 -29 30 -49 -72 -80 -34 35 -73 21 90 -92 -30 -39 36 -34 5 36 -72 -28 73 -82 37 39 56 -48 96 -72 -21 
34 31 14 46 -75 -37 -1 -59 -33 37 -6 -24 64 -68 -42 53 -75 -10 52 65 -82 90 59 -36 31 42 39 75 -22 17 
-54 -27 -94 -65 -92 -44 -74 60 90 -84 -79 66 68 -99 30 -84 -30 34 78 -14 -7 20 40 -6 -46 -80 -49 68 -29 -86 
-33 -73 94 -23 85 -99 -54 1 45 -69 33 -2 -80 -41 81 9 -56 -6 -96 55 80 -61 -19 63 -12 59 96 -7 42 -65 
34 -22 80 49 -44 -55 71 -44 -47 -64 -29 -64 29 -51 14 -67 -12 -39 2 56 -30 23 -49 -29 21 12 -48 91 84 53 
17 96 89 -60 20 -9 -64 39 -8 35 14 52 -89 31 8 -41 20 -76 -33 73 68 -55 46 -16 -44 68 -37 -91 57 7 
-96 -36 -70 -9 79 24 -11 -19 86 -50 -65 37 -45 -9 -41 80 86 -25 92 96 -8 -28 -22 6 39 11 -57 1 -26 -44 
-83 -56 82 -46 -11 -3 -24 -54 61 -26 -40 -30 -79 -100 -77 -32 32 27 4 86 40 -2 69 5 -79 -88 -78 -57 -85 -63 
-4 -75 -46 -27 5 -66 29 -94 -84 -41 -22 53 -61 -82 56 60 -99 76 -78 -7 44 75 -68 27 -59 -98 25 52 61 -37 
40 81 -88 -34 -35 7 -30 -12 -85 -4 -48 -1 -39 57 -48 75 -71 -76 93 3 -10 52 74 58 76 -16 7 -9 97 4 
-66 -4 93 -20 -32 57 -16 -41 58 29 -16 36 -72 23 19 -64 91 -57 19 97 -26 41 -23 91 59 -53 83 -22 56 -72 
-14 -41 7 54 18 91 -57 -2 23 -67 38 -62 98 -91 8 70 59 -56 49 -41 -84 3 66 -46 -69 -32 99 -61 -46 -43 